Price,Close,High,Low,Open,Volume
Ticker,MSFT,MSFT,MSFT,MSFT,MSFT
Date,,,,,
2025-08-18,516.2512817382812,521.9619254356152,513.176380682391,520.7339636806648,23760600
2025-08-19,508.933349609375,514.314487646487,507.7153506663982,514.1547770514178,21481000
2025-08-20,504.8900146484375,510.161347905157,503.6121166003689,509.0331975839143,27723000
2025-08-21,504.239990234375,507.6300048828125,502.7200012207031,503.69000244140625,18443300
2025-08-22,507.2300109863281,510.7300109863281,502.4100036621094,504.25,24324200
2025-08-25,504.260009765625,508.19000244140625,504.1199951171875,506.6300048828125,21638600
2025-08-26,502.0400085449219,504.9800109863281,498.510009765625,504.3599853515625,30835700
2025-08-27,506.739990234375,507.2900085449219,499.8999938964844,502.0,17277900
2025-08-28,509.6400146484375,511.0899963378906,505.5,507.0899963378906,18015600
2025-08-29,506.69000244140625,509.6000061035156,504.489990234375,508.6600036621094,20961600
2025-09-02,505.1199951171875,506.0,496.80999755859375,500.4700012207031,18128000
2025-09-03,505.3500061035156,507.7900085449219,502.32000732421875,503.7900085449219,16345100
2025-09-04,507.9700012207031,508.1499938964844,503.1499938964844,504.29998779296875,15509500
2025-09-05,495.0,511.9700012207031,492.3699951171875,509.07000732421875,31994800
2025-09-08,498.20001220703125,501.20001220703125,495.0299987792969,498.1099853515625,16771000
2025-09-09,498.4100036621094,502.25,497.70001220703125,501.42999267578125,14410500
2025-09-10,500.3699951171875,503.2300109863281,496.7200012207031,502.9800109863281,21611800
2025-09-11,501.010009765625,503.1700134277344,497.8800048828125,502.25,18881600
2025-09-12,509.8999938964844,512.5499877929688,503.8500061035156,506.6499938964844,23624900
2025-09-15,515.3599853515625,515.469970703125,507.0,508.7900085449219,17122500
2025-09-16,512.3099975585938,517.22998046875,511.7799987792969,516.8800048828125,2511465
